PmtNo,PaymentDate,BeginningBalance,ScheduledPayment,Principal,Interest,EndingBalance,CumulativeInterest
1,3/4/2022,150000.00,956.22,382.55,573.67,149617.45,573.67
2,4/4/2022,149617.45,956.22,384.01,572.21,149233.43,1145.88
3,5/4/2022,149233.43,956.22,385.48,570.74,148847.95,1716.62
4,6/4/2022,148847.95,956.22,386.96,569.26,148460.98,2285.88
5,7/4/2022,148460.98,956.22,388.44,567.78,148072.54,2853.66
6,8/4/2022,148072.54,956.22,389.92,566.30,147682.61,3419.96
7,9/4/2022,147682.61,956.22,391.41,564.81,147291.20,3984.77
8,10/4/2022,147291.20,956.22,392.91,563.31,146898.29,4548.08
9,11/4/2022,146898.29,956.22,394.41,561.81,146503.87,5109.89
10,12/4/2022,146503.87,956.22,395.92,560.30,146107.95,5670.19
11,1/4/2023,146107.95,956.22,397.44,558.78,145710.50,6228.97
12,2/4/2023,145710.50,956.22,398.96,557.26,145311.54,6786.23
13,3/4/2023,145311.54,956.22,400.48,555.74,144911.06,7341.97
14,4/4/2023,144911.06,956.22,402.01,554.21,144509.04,7896.18
15,5/4/2023,144509.04,956.22,403.55,552.67,144105.49,8448.85
16,6/4/2023,144105.49,956.22,405.09,551.13,143700.39,8999.98
17,7/4/2023,143700.39,956.22,406.64,549.58,143293.75,9549.56
18,8/4/2023,143293.75,956.22,408.20,548.02,142885.54,10097.58
19,9/4/2023,142885.54,956.22,409.76,546.46,142475.78,10644.04
20,10/4/2023,142475.78,956.22,411.33,544.89,142064.45,11188.93
21,11/4/2023,142064.45,956.22,412.90,543.32,141651.54,11732.25
22,12/4/2023,141651.54,956.22,414.48,541.74,141237.06,12273.99
23,1/4/2024,141237.06,956.22,416.06,540.16,140820.99,12814.15
24,2/4/2024,140820.99,956.22,417.66,538.56,140403.33,13352.71
25,3/4/2024,140403.33,956.22,419.25,536.97,139984.07,13889.68
26,4/4/2024,139984.07,956.22,420.86,535.36,139563.21,14425.04
27,5/4/2024,139563.21,956.22,422.47,533.75,139140.74,14958.79
28,6/4/2024,139140.74,956.22,424.08,532.14,138716.65,15490.93
29,7/4/2024,138716.65,956.22,425.70,530.52,138290.95,16021.45
30,8/4/2024,138290.95,956.22,427.33,528.89,137863.61,16550.34
31,9/4/2024,137863.61,956.22,428.97,527.25,137434.64,17077.59
32,10/4/2024,137434.64,956.22,430.61,525.61,137004.03,17603.20
33,11/4/2024,137004.03,956.22,432.25,523.97,136571.77,18127.17
34,12/4/2024,136571.77,956.22,433.91,522.31,136137.86,18649.48
35,1/4/2025,136137.86,956.22,435.57,520.65,135702.28,19170.13
36,2/4/2025,135702.28,956.22,437.23,518.99,135265.05,19689.12
37,3/4/2025,135265.05,956.22,438.90,517.32,134826.14,20206.44
38,4/4/2025,134826.14,956.22,440.58,515.64,134385.56,20722.08
39,5/4/2025,134385.56,956.22,442.27,513.95,133943.29,21236.03
40,6/4/2025,133943.29,956.22,443.96,512.26,133499.32,21748.29
41,7/4/2025,133499.32,956.22,445.66,510.56,133053.66,22258.85
42,8/4/2025,133053.66,956.22,447.36,508.86,132606.29,22767.71
43,9/4/2025,132606.29,956.22,449.07,507.15,132157.22,23274.86
44,10/4/2025,132157.22,956.22,450.79,505.43,131706.42,23780.29
45,11/4/2025,131706.42,956.22,452.51,503.71,131253.91,24284.00
46,12/4/2025,131253.91,956.22,454.24,501.98,130799.67,24785.98
47,1/4/2026,130799.67,956.22,455.98,500.24,130343.68,25286.22
48,2/4/2026,130343.68,956.22,457.73,498.49,129885.95,25784.71
49,3/4/2026,129885.95,956.22,459.48,496.74,129426.46,26281.45
50,4/4/2026,129426.46,956.22,461.23,494.99,128965.23,26776.44
51,5/4/2026,128965.23,956.22,463.00,493.22,128502.22,27269.66
52,6/4/2026,128502.22,956.22,464.77,491.45,128037.45,27761.11
53,7/4/2026,128037.45,956.22,466.55,489.67,127570.90,28250.78
54,8/4/2026,127570.90,956.22,468.33,487.89,127102.56,28738.67
55,9/4/2026,127102.56,956.22,470.12,486.10,126632.44,29224.77
56,10/4/2026,126632.44,956.22,471.92,484.30,126160.51,29709.07
57,11/4/2026,126160.51,956.22,473.72,482.50,125686.79,30191.57
58,12/4/2026,125686.79,956.22,475.54,480.68,125211.25,30672.25
59,1/4/2027,125211.25,956.22,477.35,478.87,124733.89,31151.12
60,2/4/2027,124733.89,956.22,479.18,477.04,124254.71,31628.16
61,3/4/2027,124254.71,956.22,481.01,475.21,123773.69,32103.37
62,4/4/2027,123773.69,956.22,482.85,473.37,123290.84,32576.74
63,5/4/2027,123290.84,956.22,484.70,471.52,122806.13,33048.26
64,6/4/2027,122806.13,956.22,486.55,469.67,122319.58,33517.93
65,7/4/2027,122319.58,956.22,488.41,467.81,121831.17,33985.74
66,8/4/2027,121831.17,956.22,490.28,465.94,121340.88,34451.68
67,9/4/2027,121340.88,956.22,492.16,464.06,120848.72,34915.74
68,10/4/2027,120848.72,956.22,494.04,462.18,120354.67,35377.92
69,11/4/2027,120354.67,956.22,495.93,460.29,119858.74,35838.21
70,12/4/2027,119858.74,956.22,497.82,458.40,119360.91,36296.61
71,1/4/2028,119360.91,956.22,499.73,456.49,118861.18,36753.10
72,2/4/2028,118861.18,956.22,501.64,454.58,118359.54,37207.68
73,3/4/2028,118359.54,956.22,503.56,452.66,117855.97,37660.34
74,4/4/2028,117855.97,956.22,505.48,450.74,117350.49,38111.08
75,5/4/2028,117350.49,956.22,507.42,448.80,116843.06,38559.88
76,6/4/2028,116843.06,956.22,509.36,446.86,116333.70,39006.74
77,7/4/2028,116333.70,956.22,511.31,444.91,115822.39,39451.65
78,8/4/2028,115822.39,956.22,513.26,442.96,115309.12,39894.61
79,9/4/2028,115309.12,956.22,515.22,441.00,114793.90,40335.61
80,10/4/2028,114793.90,956.22,517.20,439.02,114276.69,40774.63
81,11/4/2028,114276.69,956.22,519.17,437.05,113757.52,41211.68
82,12/4/2028,113757.52,956.22,521.16,435.06,113236.35,41646.74
83,1/4/2029,113236.35,956.22,523.15,433.07,112713.20,42079.81
84,2/4/2029,112713.20,956.22,525.15,431.07,112188.05,42510.88
85,3/4/2029,112188.05,956.22,527.16,429.06,111660.88,42939.94
86,4/4/2029,111660.88,956.22,529.18,427.04,111131.70,43366.98
87,5/4/2029,111131.70,956.22,531.20,425.02,110600.49,43792.00
88,6/4/2029,110600.49,956.22,533.23,422.99,110067.26,44214.99
89,7/4/2029,110067.26,956.22,535.27,420.95,109531.98,44635.94
90,8/4/2029,109531.98,956.22,537.32,418.90,108994.66,45054.84
91,9/4/2029,108994.66,956.22,539.37,416.85,108455.29,45471.69
92,10/4/2029,108455.29,956.22,541.44,414.78,107913.84,45886.47
93,11/4/2029,107913.84,956.22,543.51,412.71,107370.33,46299.18
94,12/4/2029,107370.33,956.22,545.59,410.63,106824.73,46709.81
95,1/4/2030,106824.73,956.22,547.67,408.55,106277.06,47118.36
96,2/4/2030,106277.06,956.22,549.77,406.45,105727.29,47524.81
97,3/4/2030,105727.29,956.22,551.87,404.35,105175.41,47929.16
98,4/4/2030,105175.41,956.22,553.98,402.24,104621.43,48331.40
99,5/4/2030,104621.43,956.22,556.10,400.12,104065.32,48731.52
100,6/4/2030,104065.32,956.22,558.23,397.99,103507.09,49129.51
101,7/4/2030,103507.09,956.22,560.36,395.86,102946.72,49525.37
102,8/4/2030,102946.72,956.22,562.50,393.72,102384.22,49919.09
103,9/4/2030,102384.22,956.22,564.66,391.56,101819.56,50310.65
104,10/4/2030,101819.56,956.22,566.82,389.40,101252.73,50700.05
105,11/4/2030,101252.73,956.22,568.98,387.24,100683.75,51087.29
106,12/4/2030,100683.75,956.22,571.16,385.06,100112.58,51472.35
107,1/4/2031,100112.58,956.22,573.34,382.88,99539.24,51855.23
108,2/4/2031,99539.24,956.22,575.54,380.68,98963.69,52235.91
109,3/4/2031,98963.69,956.22,577.74,378.48,98385.95,52614.39
110,4/4/2031,98385.95,956.22,579.95,376.27,97806.00,52990.66
111,5/4/2031,97806.00,956.22,582.16,374.06,97223.83,53364.72
112,6/4/2031,97223.83,956.22,584.39,371.83,96639.44,53736.55
113,7/4/2031,96639.44,956.22,586.63,369.59,96052.80,54106.14
114,8/4/2031,96052.80,956.22,588.87,367.35,95463.93,54473.49
115,9/4/2031,95463.93,956.22,591.12,365.10,94872.81,54838.59
116,10/4/2031,94872.81,956.22,593.38,362.84,94279.42,55201.43
117,11/4/2031,94279.42,956.22,595.65,360.57,93683.77,55562.00
118,12/4/2031,93683.77,956.22,597.93,358.29,93085.83,55920.29
119,1/4/2032,93085.83,956.22,600.22,356.00,92485.61,56276.29
120,2/4/2032,92485.61,956.22,602.51,353.71,91883.09,56630.00
121,3/4/2032,91883.09,956.22,604.82,351.40,91278.27,56981.40
122,4/4/2032,91278.27,956.22,607.13,349.09,90671.14,57330.49
123,5/4/2032,90671.14,956.22,609.45,346.77,90061.68,57677.26
124,6/4/2032,90061.68,956.22,611.78,344.44,89449.90,58021.70
125,7/4/2032,89449.90,956.22,614.12,342.10,88835.77,58363.80
126,8/4/2032,88835.77,956.22,616.47,339.75,88219.30,58703.55
127,9/4/2032,88219.30,956.22,618.83,337.39,87600.46,59040.94
128,10/4/2032,87600.46,956.22,621.20,335.02,86979.26,59375.96
129,11/4/2032,86979.26,956.22,623.57,332.65,86355.69,59708.61
130,12/4/2032,86355.69,956.22,625.96,330.26,85729.72,60038.87
131,1/4/2033,85729.72,956.22,628.35,327.87,85101.37,60366.74
132,2/4/2033,85101.37,956.22,630.75,325.47,84470.61,60692.21
133,3/4/2033,84470.61,956.22,633.17,323.05,83837.44,61015.26
134,4/4/2033,83837.44,956.22,635.59,320.63,83201.84,61335.89
135,5/4/2033,83201.84,956.22,638.02,318.20,82563.82,61654.09
136,6/4/2033,82563.82,956.22,640.46,315.76,81923.36,61969.85
137,7/4/2033,81923.36,956.22,642.91,313.31,81280.44,62283.16
138,8/4/2033,81280.44,956.22,645.37,310.85,80635.07,62594.01
139,9/4/2033,80635.07,956.22,647.83,308.39,79987.23,62902.40
140,10/4/2033,79987.23,956.22,650.31,305.91,79336.92,63208.31
141,11/4/2033,79336.92,956.22,652.80,303.42,78684.12,63511.73
142,12/4/2033,78684.12,956.22,655.30,300.92,78028.81,63812.65
143,1/4/2034,78028.81,956.22,657.80,298.42,77371.01,64111.07
144,2/4/2034,77371.01,956.22,660.32,295.90,76710.68,64406.97
145,3/4/2034,76710.68,956.22,662.84,293.38,76047.84,64700.35
146,4/4/2034,76047.84,956.22,665.38,290.84,75382.45,64991.19
147,5/4/2034,75382.45,956.22,667.92,288.30,74714.53,65279.49
148,6/4/2034,74714.53,956.22,670.48,285.74,74044.05,65565.23
149,7/4/2034,74044.05,956.22,673.04,283.18,73371.00,65848.41
150,8/4/2034,73371.00,956.22,675.62,280.60,72695.38,66129.01
151,9/4/2034,72695.38,956.22,678.20,278.02,72017.17,66407.03
152,10/4/2034,72017.17,956.22,680.79,275.43,71336.38,66682.46
153,11/4/2034,71336.38,956.22,683.40,272.82,70652.97,66955.28
154,12/4/2034,70652.97,956.22,686.01,270.21,69966.96,67225.49
155,1/4/2035,69966.96,956.22,688.63,267.59,69278.33,67493.08
156,2/4/2035,69278.33,956.22,691.27,264.95,68587.05,67758.03
157,3/4/2035,68587.05,956.22,693.91,262.31,67893.14,68020.34
158,4/4/2035,67893.14,956.22,696.57,259.65,67196.56,68279.99
159,5/4/2035,67196.56,956.22,699.23,256.99,66497.33,68536.98
160,6/4/2035,66497.33,956.22,701.90,254.32,65795.43,68791.30
161,7/4/2035,65795.43,956.22,704.59,251.63,65090.83,69042.93
162,8/4/2035,65090.83,956.22,707.28,248.94,64383.55,69291.87
163,9/4/2035,64383.55,956.22,709.99,246.23,63673.55,69538.10
164,10/4/2035,63673.55,956.22,712.70,243.52,62960.85,69781.62
165,11/4/2035,62960.85,956.22,715.43,240.79,62245.41,70022.41
166,12/4/2035,62245.41,956.22,718.16,238.06,61527.25,70260.47
167,1/4/2036,61527.25,956.22,720.91,235.31,60806.34,70495.78
168,2/4/2036,60806.34,956.22,723.67,232.55,60082.66,70728.33
169,3/4/2036,60082.66,956.22,726.44,229.78,59356.22,70958.11
170,4/4/2036,59356.22,956.22,729.21,227.01,58627.00,71185.12
171,5/4/2036,58627.00,956.22,732.00,224.22,57895.00,71409.34
172,6/4/2036,57895.00,956.22,734.80,221.42,57160.19,71630.76
173,7/4/2036,57160.19,956.22,737.61,218.61,56422.58,71849.37
174,8/4/2036,56422.58,956.22,740.43,215.79,55682.15,72065.16
175,9/4/2036,55682.15,956.22,743.27,212.95,54938.87,72278.11
176,10/4/2036,54938.87,956.22,746.11,210.11,54192.76,72488.22
177,11/4/2036,54192.76,956.22,748.96,207.26,53443.79,72695.48
178,12/4/2036,53443.79,956.22,751.83,204.39,52691.96,72899.87
179,1/4/2037,52691.96,956.22,754.70,201.52,51937.26,73101.39
180,2/4/2037,51937.26,956.22,757.59,198.63,51179.66,73300.02
181,3/4/2037,51179.66,956.22,760.49,195.73,50419.17,73495.75
182,4/4/2037,50419.17,956.22,763.39,192.83,49655.77,73688.58
183,5/4/2037,49655.77,956.22,766.31,189.91,48889.46,73878.49
184,6/4/2037,48889.46,956.22,769.24,186.98,48120.21,74065.47
185,7/4/2037,48120.21,956.22,772.19,184.03,47348.02,74249.50
186,8/4/2037,47348.02,956.22,775.14,181.08,46572.88,74430.58
187,9/4/2037,46572.88,956.22,778.10,178.12,45794.77,74608.70
188,10/4/2037,45794.77,956.22,781.08,175.14,45013.69,74783.84
189,11/4/2037,45013.69,956.22,784.07,172.15,44229.61,74955.99
190,12/4/2037,44229.61,956.22,787.07,169.15,43442.54,75125.14
191,1/4/2038,43442.54,956.22,790.08,166.14,42652.45,75291.28
192,2/4/2038,42652.45,956.22,793.10,163.12,41859.35,75454.40
193,3/4/2038,41859.35,956.22,796.13,160.09,41063.22,75614.49
194,4/4/2038,41063.22,956.22,799.18,157.04,40264.03,75771.53
195,5/4/2038,40264.03,956.22,802.23,153.99,39461.80,75925.52
196,6/4/2038,39461.80,956.22,805.30,150.92,38656.49,76076.44
197,7/4/2038,38656.49,956.22,808.38,147.84,37848.11,76224.28
198,8/4/2038,37848.11,956.22,811.47,144.75,37036.63,76369.03
199,9/4/2038,37036.63,956.22,814.57,141.65,36222.06,76510.68
200,10/4/2038,36222.06,956.22,817.69,138.53,35404.37,76649.21
201,11/4/2038,35404.37,956.22,820.82,135.40,34583.54,76784.61
202,12/4/2038,34583.54,956.22,823.96,132.26,33759.58,76916.87
203,1/4/2039,33759.58,956.22,827.11,129.11,32932.46,77045.98
204,2/4/2039,32932.46,956.22,830.27,125.95,32102.19,77171.93
205,3/4/2039,32102.19,956.22,833.45,122.77,31268.74,77294.70
206,4/4/2039,31268.74,956.22,836.63,119.59,30432.10,77414.29
207,5/4/2039,30432.10,956.22,839.83,116.39,29592.27,77530.68
208,6/4/2039,29592.27,956.22,843.05,113.17,28749.21,77643.85
209,7/4/2039,28749.21,956.22,846.27,109.95,27902.94,77753.80
210,8/4/2039,27902.94,956.22,849.51,106.71,27053.42,77860.51
211,9/4/2039,27053.42,956.22,852.76,103.46,26200.66,77963.97
212,10/4/2039,26200.66,956.22,856.02,100.20,25344.64,78064.17
213,11/4/2039,25344.64,956.22,859.29,96.93,24485.34,78161.10
214,12/4/2039,24485.34,956.22,862.58,93.64,23622.76,78254.74
215,1/4/2040,23622.76,956.22,865.88,90.34,22756.87,78345.08
216,2/4/2040,22756.87,956.22,869.19,87.03,21887.68,78432.11
217,3/4/2040,21887.68,956.22,872.51,83.71,21015.16,78515.82
218,4/4/2040,21015.16,956.22,875.85,80.37,20139.31,78596.19
219,5/4/2040,20139.31,956.22,879.20,77.02,19260.11,78673.21
220,6/4/2040,19260.11,956.22,882.56,73.66,18377.54,78746.87
221,7/4/2040,18377.54,956.22,885.94,70.28,17491.60,78817.15
222,8/4/2040,17491.60,956.22,889.32,66.90,16602.27,78884.05
223,9/4/2040,16602.27,956.22,892.73,63.49,15709.54,78947.54
224,10/4/2040,15709.54,956.22,896.14,60.08,14813.40,79007.62
225,11/4/2040,14813.40,956.22,899.57,56.65,13913.82,79064.27
226,12/4/2040,13913.82,956.22,903.01,53.21,13010.81,79117.48
227,1/4/2041,13010.81,956.22,906.46,49.76,12104.34,79167.24
228,2/4/2041,12104.34,956.22,909.93,46.29,11194.41,79213.53
229,3/4/2041,11194.41,956.22,913.41,42.81,10280.99,79256.34
230,4/4/2041,10280.99,956.22,916.90,39.32,9364.09,79295.66
231,5/4/2041,9364.09,956.22,920.41,35.81,8443.68,79331.47
232,6/4/2041,8443.68,956.22,923.93,32.29,7519.74,79363.76
233,7/4/2041,7519.74,956.22,927.46,28.76,6592.28,79392.52
234,8/4/2041,6592.28,956.22,931.01,25.21,5661.26,79417.73
235,9/4/2041,5661.26,956.22,934.57,21.65,4726.69,79439.38
236,10/4/2041,4726.69,956.22,938.14,18.08,3788.54,79457.46
237,11/4/2041,3788.54,956.22,941.73,14.49,2846.81,79471.95
238,12/4/2041,2846.81,956.22,945.33,10.89,1901.48,79482.84
239,1/4/2042,1901.48,956.22,948.95,7.27,952.52,79490.11
240,2/4/2042,952.52,952.52,948.88,3.64,0.00,79493.75
